0  0  4
0  16 1
2  13 3
2  14 3
2  30 4
2  60 4
3  56 3
7  18 1
9  19 2
10 20 2
11 11 1
11 18 3
12 20 2
14 12 0
14 13 0
15 25 0
16 14 1
16 43 4
17 26 0
18 26 0
18 36 4
19 32 4
21 13 0
21 40 1
21 44 3
23 1  4
25 27 4
25 29 1
29 50 4
30 34 1
32 28 4
32 29 3
37 12 2
38 6  4
38 15 0
38 23 2
39 58 4
40 30 2
40 36 1
41 37 1
41 49 2
42 42 1
43 9  4
43 26 2
43 30 2
43 36 3
44 26 2
44 30 2
45 13 4
46 5  1
46 34 2
46 62 1
47 28 2
47 39 3
47 54 0
48 52 0
49 26 2
49 31 2
51 26 0
52 10 3
52 50 4
53 14 3
53 34 0
53 39 3
54 12 3
54 22 2
54 39 0
55 36 0
55 39 0
56 46 1
58 25 2
58 40 0
59 9  4
59 21 3
60 20 1
61 20 1
62 46 3
63 55 4
65 42 1
66 21 1
68 13 1
68 32 1
68 46 3
69 34 2
70 53 4
71 36 0
71 50 3
71 55 4
73 30 0
74 56 3
75 1  3
75 33 0
77 37 1
77 49 2
80 49 0
85 6  4
85 55 2
85 58 3
85 59 3
88 50 0